<?xml version="1.0"?>
<opencv_storage>
<right_intrinsics type_id="opencv-matrix">
  <rows>3</rows>
  <cols>3</cols>
  <dt>d</dt>
  <data>1412.1475 0.00000 0.00000
  0.8879 1421.6957 0.00000
  970.86922 533.90408 1.00000
    </data></right_intrinsics>
</opencv_storage>
