<?xml version="1.0"?>
<opencv_storage>
<Rotation type_id="opencv-matrix">
  <rows>3</rows>
  <cols>3</cols>
  <dt>d</dt>
  <data>
   0.999996809281808	0.000799050376808679	0.00239644417816905
-0.000786987372049312	0.999987037600061	-0.00503043564025835
-0.00240043268599504	0.00502853361824980	0.999984475765784
</data></Rotation>
</opencv_storage>
